5
50 40
0 1200 1800 2500 3000
1200 0 2000 2200 2800
1800 2000 0 1500 1900
2500 2200 1500 0 1000
3000 2800 1900 1000 0
2 2
2 2
2 2
2 2
2 2
30
NP 1 1001 1 500
SP 2 1002 2 700
EP 3 1003 3 800 4
NP 4 1004 4 1000
SP 5 1005 5 1200
EP 6 1006 1 1500 5
NP 7 1007 2 600
SP 8 1008 3 900
EP 9 1009 4 2000 3
NP 10 1010 5 2500
SP 11 1011 1 2200
EP 12 1012 2 1800 2
NP 13 1013 3 1400
SP 14 1014 4 1900
EP 15 1015 5 1700 4
NP 16 1016 1 450
SP 17 1017 2 800
EP 18 1018 3 950 3
NP 19 1019 4 1500
SP 20 1020 5 2000
EP 21 1021 1 2100 5
NP 22 1022 2 650
SP 23 1023 3 850
EP 24 1024 4 1750 2
NP 25 1025 5 2600
SP 26 1026 1 2300
EP 27 1027 2 1900 4
NP 28 1028 3 1600
SP 29 1029 4 1950
EP 30 1030 5 1800 3
8
1001 1 10
1004 4 14
1007 2 16
1010 5 22
1013 3 24
1016 1 28
1019 4 30
1022 2 32
0
80
70
5
